Title: Prediction of radio-quiet gamma-ray pulsar distances 
       using the Fundamental Plane Relation 
Authors: Anguner E.O. 
Table: Properties of 3PC gamma-ray pulsars with known distances used 
       for model training and testing
================================================================================
Byte-by-byte Description of file: datafile9.txt
--------------------------------------------------------------------------------
   Bytes Format Units   Label      Explanations
--------------------------------------------------------------------------------
   1- 11 A11    ---     Name       Pulsar name 
  13- 17 A5     ---   f_Name       Flag(s) on Name (1)
  19- 26 E8.2   10-7W   LUMG       Pulsar luminosity; erg/s (2)
  28- 33 F6.2   ms      P          Period
  35- 42 E8.2   s/s     PdotCor    Period derivative (3)
  44- 51 E8.2   10-7W   EdotCor    Spin-down lumiosity; erg/s (3)
  53- 60 E8.2   10-4T   BdotS,Cor  Magnetic field strength at neutron star surface; G (3)
  62- 68 F7.2   GeV     ECut,SED   ? Derived PLEC spectral cutoff value from SED data (4)
  70- 76 F7.1   ---   n_ECut,SED   Test Statistic value for ECut,SED (5)
  78- 82 F5.2   GeV     ECut,B23   ? Derived PLEC spectral cutoff value from b_23_ model
  84- 90 F7.1   ---   n_ECut,B23   ? Test Statistic value for ECut,B23 (5)
  92- 95 F4.2   GeV     ECut,BFR   ? Derived PLEC spectral cutoff value from b_fr_ model
  97-103 F7.1   ---   n_ECut,BFR   ? Test Statistic value for ECut,BFR (5)
 105-109 F5.2   GeV     ECut,HYB   ? Derived PLEC spectral cutoff value from hybrid model (6)
 111-117 F7.1   ---   n_ECut,HYB   ? Test Statistic value for ECut,HYB (5)
--------------------------------------------------------------------------------
Note (1):
    * = used in optimized prediction model training for the OLS approach.
    D = used in optimized prediction model training for the RFR approach.
    S = used in optimized prediction model training for the SVR-RBF approach.
    T = used in optimized prediction model training for the SVR-Linear approach.
    b = One of the 184 pulsars used for re-validation of the FP relation in S 3.
Note (2): Taking into account the measured gamma-ray flux and pulsar distance.
Note (3): Shklovskii effect-corrected values.
Note (4): A blank indicates a NaN or Inf. value.
Note (5): From the likelihood ratio tests comparing PLEC and PL models.
Note (6): This column combines the values from ECut,B23 and ECut,BFR, 
          prioritizing the ECut,BFR whenever available, and also presents 
          the spectral cutoff values used in the FP relation.
--------------------------------------------------------------------------------
J0002+6216  *DSb  9.01e+33 115.36 5.97e-15 1.53e+35 8.40e+11    2.25    29.3  2.65   313.2 2.55   206.0  2.55   206.0 
J0007+7303  DTSb  1.01e+35 315.89 3.56e-13 4.46e+35 1.07e+13    4.84  8439.0  5.02  4924.3 4.8   3457.2  4.8   3457.2 
J0023+0923  DTSb  3.03e+33   3.05 8.88e-21 1.24e+34 1.67e+08    1.68    79.5  2.54   175.6               2.54   175.6 
J0030+0451  *DTSb 7.43e+32   4.87 1.05e-20 3.60e+33 2.29e+08    1.61  1708.0  2.29  2801.5 2.35  2141.8  2.35  2141.8 
J0034-0534  *DTSb 4.38e+33   1.88 4.47e-21 2.66e+34 9.28e+07    2.48   264.6  3.6    439.8 3.61   308.0  3.61   308.0 
J0101-6422  *b    1.56e+33   2.57 3.44e-21 8.01e+33 9.52e+07    1.66   293.2  2.48   642.7 2.54   483.7  2.54   483.7 
J0102+4839  *DTb  9.59e+33   2.96 1.16e-20 1.76e+34 1.87e+08    3.83   113.4  4.23   200.7 3.85   155.4  3.85   155.4 
J0106+4855  *DSb  2.16e+34  83.16 4.28e-16 2.94e+34 1.91e+11    2.77   359.4  2.83   513.9 2.99   314.3  2.99   314.3 
J0205+6449  b     7.88e+34  65.75 1.92e-13 2.67e+37 3.60e+12    5.2     92.2  3.01    73.8 4.12    55.2  4.12    55.2 
J0218+4232  *TSb  5.74e+34   2.32 7.65e-20 2.42e+35 4.26e+08    3.4    339.3  4.68   576.0 4.56   428.2  4.56   428.2 
J0248+4230  *Tb   7.95e+32   2.6  1.68e-20 3.78e+34 2.12e+08    2.1      5.0  1.58    62.3               1.58    62.3 
J0248+6021  *DSb  1.41e+34 217.12 5.52e-14 2.13e+35 3.50e+12    1.36   134.4  1.72   598.8 1.38   515.6  1.38   515.6 
J0251+2606  *DTb  7.99e+32   2.54 5.29e-21 1.28e+34 1.17e+08    1.94    43.5  2.21   126.8               2.21   126.8 
J0307+7443  TSb   2.93e+32   3.16 1.71e-20 2.17e+34 2.35e+08    1.58   606.3  1.89   863.4 1.72   593.5  1.72   593.5 
J0312-0921  *b    4.43e+32   3.7  1.25e-20 9.70e+33 2.17e+08    1.43    29.5  1.65   183.1               1.65   183.1 
J0318+0253  *DTb  1.33e+33   5.19 1.76e-20 4.98e+33 3.06e+08    2.06    16.4  2.2    175.4               2.2    175.4 
J0340+4130  DTSb  5.94e+33   3.3  5.53e-21 6.08e+33 1.37e+08    3.49   216.4  3.5    368.0 3.34   243.4  3.34   243.4 
J0418+6635  *Sb   6.02e+33   2.91 1.37e-20 2.19e+34 2.02e+08    3.63   103.6  4.23   125.0 4.09    85.4  4.09    85.4 
J0437-4715  b     5.17e+31   5.76 1.40e-20 2.89e+33 2.87e+08    1.02   450.4  1.38  1031.6 0.7   1019.6  0.7   1019.6 
J0514-4408  DSb   6.23e+32 320.27 2.04e-15 2.45e+33 8.18e+11    0.49    27.5  0.85   199.7               0.85   199.7 
J0533+6759  b     6.38e+33   4.39 1.26e-20 5.90e+33 2.38e+08    3.45   137.0  3.55   226.1 3.61   143.7  3.61   143.7 
J0534+2200  b     6.85e+35  33.65 4.20e-13 4.35e+38 3.81e+12    5.34   534.0  8.31  2238.3 8.26  1217.8  8.26  1217.8 
J0540-6919  b     7.89e+36  50.65 4.79e-13 1.46e+38 4.98e+12    6.59    28.0  5.41   101.7               5.41   101.7 
J0605+3757  b     3.56e+31   2.73 4.72e-21 9.17e+33 1.15e+08    1.25    44.5  1.55   185.0               1.55   185.0 
J0610-2100  *DTb  4.19e+33   3.86 5.10e-21 3.50e+33 1.42e+08    1.9     35.0  1.99   249.0               1.99   249.0 
J0613-0200  *DTSb 2.78e+33   3.06 8.88e-21 1.22e+34 1.67e+08    2.55   572.2  3.23   781.3 3.06   387.2  3.06   387.2 
J0614-3329  *DTSb 5.44e+33   3.15 1.80e-20 2.27e+34 2.41e+08    3.84  3612.0  4.47  2623.0 4.06  2046.2  4.06  2046.2 
J0621+2514  *Sb   1.31e+33   2.72 2.49e-20 4.87e+34 2.63e+08    1.13    14.4  1.47    36.6               1.47    36.6 
J0631+0646  *DSb  4.03e+34 110.98 3.62e-15 1.04e+35 6.41e+11    2.87   109.4  2.66    92.1               2.66    92.1 
J0631+1036  *DTb  1.61e+34 287.82 1.03e-13 1.70e+35 5.50e+12    3.15   280.4  3.49   330.7 3.39   198.3  3.39   198.3 
J0633+1746  DTSb  1.82e+34 237.1  1.10e-14 3.25e+34 1.63e+12    2.2  94921.0  2.8  70631.5 2.79 56579.4  2.79 56579.4 
J0653+4706  DSb   1.95e+32   4.75 2.08e-20 7.61e+33 3.18e+08    0.96    16.2  0.93    59.2               0.93    59.2 
J0659+1414  b     2.64e+32 384.92 5.50e-14 3.80e+34 4.65e+12    0.54    78.8  0.83   169.8 1.74   177.5  1.74   177.5 
J0729-1448  *DTSb 5.16e+33 251.71 1.13e-13 2.81e+35 5.41e+12             0.0  4.43    10.6               4.43    10.6 
J0740+6620  *DTb  4.48e+32   2.88 3.70e-21 6.12e+33 1.04e+08    2.02    35.1  2.91    72.1               2.91    72.1 
J0742-2822  Db    7.28e+33 166.77 1.67e-14 1.42e+35 1.69e+12    2.23    75.8  3.26   151.1               3.26   151.1 
J0751+1807  *Db   1.48e+33   3.48 5.93e-21 5.56e+33 1.45e+08    2.0    170.4  1.99   296.5 1.96   176.2  1.96   176.2 
J0835-4510  *DTSb 8.72e+34  89.37 1.22e-13 6.76e+36 3.35e+12    4.06 61788.6  3.96 51003.4 3.87 44236.6  3.87 44236.6 
J0908-4913  b     2.62e+33 106.77 1.51e-14 4.90e+35 1.29e+12    1.65    17.7  1.48   186.5               1.48   186.5 
J0922+0638        3.12e+32 430.62 1.37e-14 6.77e+33 2.46e+12   13.6      0.0  8.86     1.6               8.86     1.6 
J0931-1902  b     2.39e+33   4.64 3.32e-21 1.31e+33 1.26e+08    0.83    18.7  0.75    36.2               0.75    36.2 
J0940-5428  b     2.97e+32  87.56 3.28e-14 1.93e+36 1.71e+12    1.74    33.2  2.5    213.8               2.5    213.8 
J0952-0607  *DTb  1.10e+34   1.41 4.76e-21 6.65e+34 8.29e+07    1.14    15.5  1.47    63.1               1.47    63.1 
J0955-6150  *TSb  4.36e+33   1.99 1.46e-20 7.33e+34 1.73e+08    2.2     12.1  3.42    84.8               3.42    84.8 
J1012-4235  b     9.32e+31   3.1  6.55e-21 8.68e+33 1.44e+08    9.52     0.5  5.3     38.0               5.3     38.0 
J1016-5857  *DTb  8.38e+34 107.4  8.04e-14 2.56e+36 2.97e+12    5.52    78.4  4.26    82.7 3.92    58.4  3.92    58.4 
J1019-5749  b     3.88e+35 162.51 2.01e-14 1.85e+35 1.83e+12    5.29    17.9  5.82    18.1               5.82    18.1 
J1023+0038        7.25e+33   1.69 5.23e-21 4.28e+34 9.51e+07    2.87   135.4                                          
J1024-0719  *DTSb 7.67e+32   5.16 1.86e-20 5.33e+33 3.13e+08    2.32    10.4  2.57   102.6               2.57   102.6 
J1028-5819  *Db   5.94e+34  91.4  1.42e-14 7.34e+35 1.15e+12    4.72   679.9  4.72  1478.8 3.99  1129.9  3.99  1129.9 
J1035-6720  *DTSb 4.81e+33   2.87 4.56e-20 7.62e+34 3.66e+08    1.62   272.1  2.21   694.0 2.2    497.1  2.2    497.1 
J1036-8317  DTSb  2.29e+33   3.41 2.90e-20 2.88e+34 3.18e+08    1.33    61.0  2.57    86.0               2.57    86.0 
J1048+2339  Sb    1.02e+33   4.67 2.51e-20 9.73e+33 3.47e+08    9.36     0.8  4.5     48.5               4.5     48.5 
J1048-5832  *DTSb 1.86e+35 123.71 9.55e-14 1.99e+36 3.48e+12    4.13  1096.8  4.33  1572.8 3.91  1178.8  3.91  1178.8 
J1055-6028  b     3.36e+34  99.66 1.09e-12 4.33e+37 1.05e+13    4.34    24.9  3.9     40.9               3.9     40.9 
J1057-5226  *DTSb 4.34e+33 197.11 5.84e-15 3.01e+34 1.09e+12    1.25 11133.7  1.63 13319.6 1.51 12333.6  1.51 12333.6 
J1105-6107  b     1.56e+34  63.2  1.58e-14 2.48e+36 1.01e+12    3.15    12.2  3.59    59.5               3.59    59.5 
J1112-6103  *DTb  5.33e+34  64.97 3.15e-14 4.54e+36 1.45e+12   18.55     1.0  5.78    13.2               5.78    13.2 
J1119-6127  *DSb  3.71e+35 409.14 4.04e-12 2.33e+36 4.12e+13   11.27    10.7  3.67    24.3 2.49    33.3  2.49    33.3 
J1124-3653  DTSb  1.46e+33   2.41 5.91e-21 1.67e+34 1.21e+08    3.52   136.4  3.43   260.4 3.45   249.2  3.45   249.2 
J1124-5916  DTSb  1.68e+35 135.54 7.51e-13 1.19e+37 1.02e+13    2.27   279.1  3.72   632.5 4.08   344.2  4.08   344.2 
J1125-5825  *DTSb 2.35e+33   3.1  6.00e-20 7.95e+34 4.36e+08    2.94    59.2  3.28    40.7               3.28    40.7 
J1125-6014  Db    3.61e+32   2.63 2.08e-21 4.51e+33 7.48e+07    4.56     0.5  1.73    17.3               1.73    17.3 
J1137+7528  *DTSb 1.06e+33   2.51 3.20e-21 7.96e+33 9.07e+07    9.4      0.1  1.73     5.3               1.73     5.3 
J1142+0119  Tb    3.63e+33   5.08 1.50e-20 4.52e+33 2.79e+08    3.39    67.3  3.87    80.3               3.87    80.3 
J1151-6108  DTb   6.10e+33 101.63 1.03e-14 3.87e+35 1.03e+12    1.48    22.4  2.45    94.0               2.45    94.0 
J1207-5050  *DTSb 9.20e+32   4.84 5.88e-21 2.05e+33 1.71e+08    1.41    22.3  1.74   114.1               1.74   114.1 
J1221-0633  DTSb  1.09e+33   1.93 1.09e-20 5.92e+34 1.46e+08    2.46    44.2  3.13   101.9               3.13   101.9 
J1227-4853  *TSb  6.98e+33   1.69 1.07e-20 8.73e+34 1.36e+08    5.82    36.3  5.67    70.5 5.5     36.6  5.5     36.6 
J1231-1411  *Db   2.13e+33   3.68 7.18e-21 5.69e+33 1.64e+08    1.89  2996.6  2.55  4329.8 2.55  3067.6  2.55  3067.6 
J1253-5820  DSb   1.37e+33 255.5  2.11e-15 4.98e+33 7.42e+11    5.07     0.0  0.82    35.9               0.82    35.9 
J1301+0833  Sb    2.88e+33   1.84 6.89e-21 4.37e+34 1.14e+08    1.97    37.8  2.48   220.5               2.48   220.5 
J1302-3258  TSb   2.67e+33   3.77 4.90e-21 3.61e+33 1.38e+08    2.3    181.6  2.34   297.5 2.41   196.0  2.41   196.0 
J1311-3430  *Sb   1.81e+34   2.56 2.05e-20 4.83e+34 2.32e+08    3.92   605.6  5.04   731.4 5.06   499.0  5.06   499.0 
J1312+0051  *DTb  3.78e+33   4.23 8.70e-21 4.54e+33 1.94e+08    1.73   291.3  2.05   529.3 1.93   422.6  1.93   422.6 
J1341-6220        4.24e+35 193.44 2.53e-13 1.38e+36 7.08e+12 3538.51     0.0 16.81     1.7              16.81     1.7 
J1357-6429  *TSb  3.39e+34 166.19 3.54e-13 3.05e+36 7.77e+12    1.31    47.2  1.92   338.5               1.92   338.5 
J1400-1431  b     5.93e+31   3.08 3.62e-21 4.89e+33 1.07e+08    1.33    36.7  1.98   188.0               1.98   188.0 
J1402+1306        9.14e+31   5.89 1.35e-20 2.60e+33 2.85e+08    0.91    18.2                                          
J1410-6132  *TSb  4.98e+35  50.06 3.18e-14 1.00e+37 1.28e+12    7.69     0.2  2.24    27.3               2.24    27.3 
J1418-6058  b     9.10e+34 110.58 1.71e-13 4.99e+36 4.40e+12    4.71   102.9  3.89   286.8 3.6    290.6  3.6    290.6 
J1420-6048  *DTSb 4.90e+35  68.21 8.24e-14 1.03e+37 2.40e+12   10.41     1.8  3.21    86.9               3.21    86.9 
J1431-4715  DTb   1.74e+33   2.01 1.12e-20 5.43e+34 1.52e+08             0.0  2.16    56.0               2.16    56.0 
J1446-4701  *Db   2.26e+33   2.19 9.63e-21 3.62e+34 1.47e+08    4.0     36.4  3.86    81.3               3.86    81.3 
J1455-3330  b     6.36e+31   7.99 2.37e-20 1.83e+33 4.40e+08    4.21     0.4  1.45    16.6               1.45    16.6 
J1509-5850  *Sb   1.66e+35  88.92 9.20e-15 5.17e+35 9.15e+11    3.84   368.1  4.12   531.0 4.1    359.7  4.1    359.7 
J1513-2550  *DTb  1.43e+34   2.12 2.09e-20 8.68e+34 2.13e+08    1.71    33.8  3.14   117.4               3.14   117.4 
J1514-4946  *DTb  4.13e+33   3.59 1.71e-20 1.46e+34 2.51e+08    3.58   684.8  4.12   559.7 4.39   313.8  4.39   313.8 
J1526-2744        5.43e+32   2.49 3.54e-21 9.05e+33 9.50e+07    1.39    10.6                                          
J1531-5610  *Db   1.76e+34  84.21 1.38e-14 9.12e+35 1.09e+12    1.23    22.2  1.38   110.3               1.38   110.3 
J1536-4948  TSb   9.14e+33   3.08 2.07e-20 2.79e+34 2.55e+08    5.58  1043.3  6.14   566.9 5.84   367.9  5.84   367.9 
J1543-5149  TSb   2.78e+33   2.06 1.60e-20 7.22e+34 1.84e+08    3.9      3.6  3.3     94.7               3.3     94.7 
J1544+4937  TSb   2.53e+33   2.16 2.14e-21 8.40e+33 6.88e+07    4.77    10.8  3.53    39.6               3.53    39.6 
J1552+5437  *DTSb 2.28e+33   2.43 2.82e-21 7.79e+33 8.38e+07    3.18     4.0  3.39    64.4               3.39    64.4 
J1555-2908  *Db   1.45e+34   1.79 4.45e-20 3.08e+35 2.86e+08    3.64     1.3  3.97    25.3               3.97    25.3 
J1600-3053  DTSb  3.42e+33   3.6  8.52e-21 7.21e+33 1.77e+08    2.67   102.0  3.08   118.2               3.08   118.2 
J1614-2230  *DSb  1.52e+33   3.15 3.98e-21 5.03e+33 1.13e+08    1.52   408.5  2.27   778.2 2.08   607.6  2.08   607.6 
J1614-5048  *Db   6.40e+34 231.89 4.92e-13 1.56e+36 1.08e+13  957.46     0.0  3.28     9.9               3.28     9.9 
J1622-0315  *TSb  1.31e+33   3.85 9.60e-21 6.64e+33 1.95e+08    3.5     44.3  3.75    79.2               3.75    79.2 
J1625-0021  DTSb  2.24e+33   2.83 2.13e-20 3.70e+34 2.49e+08    1.68   680.2  2.12   918.8 1.91   571.4  1.91   571.4 
J1627+3219        8.71e+33   2.18 5.48e-21 2.08e+34 1.11e+08    1.37    26.0                                          
J1628-3205  *DSb  1.92e+33   3.21 9.98e-21 1.19e+34 1.81e+08    1.74    26.8  2.17   228.0               2.17   228.0 
J1630+3734  *DTb  1.01e+33   3.32 8.04e-21 8.67e+33 1.65e+08    1.66    30.2  1.86   215.2               1.86   215.2 
J1640+2224  DTSb  6.21e+32   3.16 1.84e-21 2.31e+33 7.73e+07    1.48     7.9  2.34    41.2               2.34    41.2 
J1641+8049  *Tb   2.19e+33   2.01 9.79e-21 4.68e+34 1.42e+08    1.36    13.9  1.93    57.2               1.93    57.2 
J1648-4611  *Tb   1.14e+35 164.96 2.37e-14 2.09e+35 2.00e+12    4.29   103.0  3.82    69.2 3.82    48.4  3.82    48.4 
J1653-0158  *TSb  2.25e+33   1.97 1.35e-21 6.96e+33 5.21e+07    2.35   401.3  3.09   711.3 3.02   500.7  3.02   500.7 
J1658-5324  *TSb  1.92e+33   2.44 1.08e-20 2.93e+34 1.64e+08    1.49    67.1  1.72   531.5 1.92   440.1  1.92   440.1 
J1702-4128  *b    4.88e+34 182.15 5.23e-14 3.42e+35 3.12e+12    1.2     11.5  2.0     45.2               2.0     45.2 
J1705-1906  *DSb  2.41e+32 298.99 4.14e-15 6.11e+33 1.13e+12    1.3      8.7  0.49    50.5               0.49    50.5 
J1709-4429  DTSb  1.11e+36 102.5  9.48e-14 3.48e+36 3.15e+12    4.88 10165.4  4.86 10007.0 4.52  7613.4  4.52  7613.4 
J1713+0747  *DTSb 1.50e+33   4.57 8.25e-21 3.41e+33 1.96e+08    1.72    23.0  2.49   153.0               2.49   153.0 
J1718-3825  TSb   1.51e+35  74.67 1.32e-14 1.25e+36 1.00e+12    3.69   131.0  3.32   417.4 3.38   258.8  3.38   258.8 
J1730-2304  *TSb  3.95e+32   8.12 1.47e-20 1.09e+33 3.50e+08    1.74     5.0  1.18    64.5               1.18    64.5 
J1730-3350  *DSb  6.35e+34 139.51 8.41e-14 1.22e+36 3.47e+12   16.68     0.9  4.02    39.6               4.02    39.6 
J1731-4744        2.30e+32 829.89 1.64e-13 1.13e+34 1.18e+13   53.84     0.0  0.27     0.3               0.27     0.3 
J1732-3131  *DSb  8.79e+33 196.54 2.80e-14 1.46e+35 2.38e+12    1.96  1647.7  2.4   1858.2 2.25  1366.8  2.25  1366.8 
J1732-5049  *DSb  2.37e+33   5.31 1.14e-20 3.00e+33 2.49e+08    2.58     5.5  2.89    74.1               2.89    74.1 
J1739-3023  *b    2.40e+34 114.37 1.14e-14 3.01e+35 1.16e+12    1.03    19.8  1.54    74.2               1.54    74.2 
J1740+1000  b     6.49e+32 154.1  2.13e-14 2.30e+35 1.83e+12    0.69     1.8  0.68     8.4               0.68     8.4 
J1741+1351  b     2.03e+33   3.75 2.80e-20 2.10e+34 3.28e+08    1.49    11.7  2.35    65.6               2.35    65.6 
J1741-2054  *DTb  1.28e+33 413.7  1.70e-14 9.48e+33 2.68e+12    1.01  1421.4  1.1   3558.1 0.97  3563.4  0.97  3563.4 
J1744-1134  Tb    6.92e+32   4.07 7.11e-21 4.16e+33 1.72e+08    1.14   325.1  1.38  1050.2 1.48   963.1  1.48   963.1 
J1745+1017  TSb   1.34e+33   2.65 2.05e-21 4.35e+33 7.46e+07    2.13    16.1  2.34   173.0               2.34   173.0 
J1747-2958  DTb   4.30e+35  98.83 6.11e-14 2.50e+36 2.49e+12    4.12   110.8  3.14   272.5 2.91   416.8  2.91   416.8 
J1747-4036  *DTSb 8.18e+34   1.65 1.30e-20 1.14e+35 1.48e+08    3.11     8.3  2.89   166.6               2.89   166.6 
J1757-2421        2.87e+34 234.11 1.27e-14 3.92e+34 1.75e+12             0.0 38.42     0.2              38.42     0.2 
J1801-2451  *Sb   5.52e+34 124.95 8.95e-14 1.81e+36 3.38e+12    9.5      7.6  5.6     35.3               5.6     35.3 
J1803-6707        1.94e+33   2.13 1.76e-20 7.17e+34 1.96e+08    5.14    24.7                                          
J1805+0615  *DTSb 9.51e+33   2.13 1.86e-20 7.59e+34 2.01e+08    2.05     9.0  2.26    88.7               2.26    88.7 
J1809-2332  *TSb  1.47e+35 146.79 3.44e-14 4.29e+35 2.27e+12    4.02  2189.3  4.04  2846.7 3.64  2152.3  3.64  2152.3 
J1810+1744  *DSb  9.73e+33   1.66 4.24e-21 3.66e+34 8.49e+07    2.2    139.4  3.55   340.6 3.7    223.0  3.7    223.0 
J1811-2405        5.55e+33   2.66 1.29e-20 2.71e+34 1.87e+08   15.66     0.6  9.2      3.9               9.2      3.9 
J1816+4510  DTSb  1.49e+34   3.19 4.37e-20 5.31e+34 3.78e+08    2.06   152.4  3.26   295.0 3.21   204.8  3.21   204.8 
J1823-3021A TSb   9.82e+34   5.44 3.37e-18 8.27e+35 4.33e+09    3.8     89.6  4.49   105.7               4.49   105.7 
J1824+1014  Tb    6.23e+33   4.07 5.46e-21 3.21e+33 1.51e+08    3.09    38.1  3.81    53.0               3.81    53.0 
J1824-0621        1.63e+34   3.23 9.14e-21 1.07e+34 1.74e+08    4.2     56.6                                          
J1824-2452A Sb    7.73e+34   3.05 1.61e-18 2.24e+36 2.25e+09    3.38    76.7  3.07   229.4 2.83   183.4  2.83   183.4 
J1828-1101  *DTSb 1.30e+35  72.06 1.48e-14 1.56e+36 1.05e+12   13.7      0.2  5.44    18.5               5.44    18.5 
J1831-0952  TSb   8.82e+34  67.27 8.31e-15 1.08e+36 7.57e+11    1.22     0.0  0.93   154.1               0.93   154.1 
J1833-1034  b     1.79e+35  61.9  2.02e-13 3.36e+37 3.58e+12    8.48    24.5  4.65    14.4 5.21    70.6  5.21    70.6 
J1833-3840  DTb   7.29e+33   1.87 1.77e-20 1.08e+35 1.84e+08    2.89     1.8  2.2     42.6               2.2     42.6 
J1835-3259B       4.50e+34   1.83 4.39e-20 2.83e+35 2.87e+08    4.72     1.3                                          
J1836+5925  b     2.08e+34 173.26 1.50e-15 1.14e+34 5.16e+11    1.84 23172.8  2.45 29292.5 2.46 24519.2  2.46 24519.2 
J1837-0604        7.52e+34  96.31 4.49e-14 1.98e+36 2.10e+12   50.64     0.1  8.66     3.3               8.66     3.3 
J1843-1113  TSb   4.33e+33   1.85 9.34e-21 5.82e+34 1.33e+08    4.71     3.0  3.19   124.0               3.19   124.0 
J1846-0258        5.55e+34 326.57 7.11e-12 8.06e+36 4.88e+13   10.75     0.0                                          
J1852-1310        5.82e+32   4.31 9.27e-21 4.57e+33 2.02e+08   31.6      0.0                                          
J1853-0004        1.68e+34 101.44 5.57e-15 2.11e+35 7.61e+11    2.09     0.0  1.19     1.6               1.19     1.6 
J1855-1436  b     1.59e+34   3.59 1.09e-20 9.29e+33 2.00e+08    4.87     9.8  5.78    12.0               5.78    12.0 
J1857+0143  DTb   2.92e+34 139.77 3.10e-14 4.49e+35 2.11e+12   68.65     0.0  1.17     7.9               1.17     7.9 
J1857+0943        1.27e+33   5.36 1.73e-20 4.44e+33 3.08e+08             0.0                                          
J1858-2216  TSb   1.16e+33   2.38 3.50e-21 1.03e+34 9.24e+07    1.37   140.1  1.94   295.9 1.94   215.9  1.94   215.9 
J1901-0125  *TSb  1.30e+34   2.79 3.58e-20 6.48e+34 3.20e+08    4.18    40.6  3.6    124.8               3.6    124.8 
J1902-5105  *DTSb 7.62e+33   1.74 8.58e-21 6.43e+34 1.24e+08    3.22   130.8  3.97   302.5 3.69   248.6  3.69   248.6 
J1903-7051  *DTSb 5.46e+32   3.6  7.92e-21 6.70e+33 1.71e+08    2.49    97.3  2.47   135.8               2.47   135.8 
J1907+0602  *DSb  2.36e+35 106.64 8.65e-14 2.81e+36 3.07e+12    4.13  1181.5  4.01  1268.8 3.68   907.0  3.68   907.0 
J1908+2105  Db    3.95e+33   2.56 1.31e-20 3.09e+34 1.86e+08    5.01     8.0  5.12    16.1               5.12    16.1 
J1913+0904  *TSb  2.12e+34 163.25 1.76e-14 1.60e+35 1.72e+12    1.83     8.8  2.21    57.6               2.21    57.6 
J1913+1011        4.66e+34  35.91 3.38e-15 2.88e+36 3.53e+11  301.82     0.1 35.55     0.2              35.55     0.2 
J1921+0137  *DSb  3.35e+34   2.5  1.90e-20 4.81e+34 2.21e+08    4.93    21.8  4.3     65.8               4.3     65.8 
J1921+1929  *TSb  2.48e+33   2.65 3.65e-20 7.74e+34 3.15e+08 1284.59     0.0  2.62     9.9               2.62     9.9 
J1925+1720  DTb   2.90e+34  75.66 1.05e-14 9.54e+35 9.01e+11    2.2      2.5  1.83    26.4               1.83    26.4 
J1932+2220  *DTSb 7.34e+34 144.46 5.70e-14 7.46e+35 2.90e+12    5.29     0.3  2.56    18.1               2.56    18.1 
J1935+2025  *TSb  5.49e+34  80.0  6.04e-14 4.64e+36 2.23e+12    1.7     11.2  1.78   112.7               1.78   112.7 
J1939+2134  DTb   2.33e+34   1.56 1.05e-19 1.10e+36 4.10e+08    2.88     5.5  3.21    76.9               3.21    76.9 
J1946-5403  *Db   1.56e+33   2.71 2.69e-21 5.33e+33 8.64e+07    1.45   101.3  1.82   447.7 1.29   405.2  1.29   405.2 
J1952+3252  *TSb  1.59e+35  39.53 5.83e-15 3.72e+36 4.86e+11    3.36  1284.3  3.75  2061.6 3.71  1393.4  3.71  1393.4 
J1959+2048  *Tb   3.02e+33   1.61 1.24e-20 1.17e+35 1.43e+08    1.77    66.5  2.05   369.4 2.14   255.9  2.14   255.9 
J2006+0148  *DTb  2.15e+33   2.16 3.29e-21 1.28e+34 8.53e+07    4.27    15.9  4.16    20.2               4.16    20.2 
J2006+3102  *DTb  4.63e+34 163.7  2.49e-14 2.24e+35 2.04e+12    3.24    28.4  3.08    56.9               3.08    56.9 
J2017+0603  DTb   8.34e+33   2.9  8.52e-21 1.38e+34 1.59e+08    3.53   479.5  3.5    555.7 3.85   347.9  3.85   347.9 
J2017-1614  *DTSb 1.61e+33   2.31 2.41e-21 7.67e+33 7.54e+07    3.38    49.3  4.13    65.6               4.13    65.6 
J2021+3651  *DTb  1.91e+35 103.75 9.48e-14 3.35e+36 3.17e+12    3.14  3079.2  3.49  4479.0 3.24  3851.9  3.24  3851.9 
J2021+4026  b     2.16e+35 265.33 5.48e-14 1.16e+35 3.86e+12    2.27  2783.8  2.57  6106.0 2.69  5037.0  2.69  5037.0 
J2022+3842  *DTb  3.17e+35  48.58 8.62e-14 2.97e+37 2.07e+12    6.07     1.7  2.52   104.9               2.52   104.9 
J2030+3641  b     4.55e+34 200.13 6.51e-15 3.20e+34 1.16e+12    1.64   426.3  1.97   759.2 1.97   553.1  1.97   553.1 
J2030+4415  DTSb  1.32e+33 227.07 5.05e-15 1.70e+34 1.08e+12    1.21   255.1  1.56   930.0 1.6    701.7  1.6    701.7 
J2032+4127  *DTb  5.28e+34 143.25 1.16e-14 1.56e+35 1.31e+12    4.14  1022.6  4.3    561.0 4.01   433.8  4.01   433.8 
J2039-3616  *DSb  1.33e+33   3.27 6.34e-21 7.16e+33 1.46e+08    1.53    12.5  2.41    76.0               2.41    76.0 
J2039-5617  DTSb  5.21e+33   2.65 1.20e-20 2.54e+34 1.80e+08    3.63   176.5  4.9    196.8 4.41   124.2  4.41   124.2 
J2042+0246  *DTSb 2.86e+32   4.53 1.41e-20 5.97e+33 2.55e+08    1.0     58.3  1.08   159.1               1.08   159.1 
J2043+1711  *DSb  6.57e+33   2.38 4.80e-21 1.41e+34 1.08e+08    3.63   299.1  3.88   559.0 3.86   369.0  3.86   369.0 
J2043+2740  *DSb  2.37e+33  96.13 1.24e-15 5.50e+34 3.49e+11    1.05    88.2  1.4    237.5               1.4    237.5 
J2047+1053  *Sb   3.98e+33   4.29 1.37e-20 6.83e+33 2.45e+08    5.53    12.2  6.15    14.6               6.15    14.6 
J2051-0827  *TSb  6.46e+32   4.51 1.28e-20 5.50e+33 2.43e+08    1.55     8.8  1.81    48.6               1.81    48.6 
J2052+1219  DSb   1.70e+34   1.99 2.09e-21 1.05e+34 6.52e+07    6.29     5.4  7.4     12.2               7.4     12.2 
J2115+5448  TSb   8.10e+33   2.61 2.93e-20 6.50e+34 2.80e+08    3.05    66.6  2.41    39.2               2.41    39.2 
J2116+1345        2.59e+33   2.22 2.64e-21 9.55e+33 7.75e+07    4.53     8.3                                          
J2124-3358  *DTSb 7.80e+32   4.93 7.57e-21 2.49e+33 1.95e+08    1.59  1569.3  1.98  2005.1 1.79  1423.3  1.79  1423.3 
J2129-0429  *DTSb 2.73e+33   7.61 2.30e-19 2.06e+34 1.34e+09    1.72    73.6  2.72   169.4               2.72   169.4 
J2205+6012        5.60e+33   2.41 1.99e-20 5.62e+34 2.22e+08   92.17     0.0  0.88     2.7               0.88     2.7 
J2208+4056  *Db   3.15e+32 636.96 5.28e-15 8.07e+32 1.86e+12    0.34     8.4  0.61    36.2               0.61    36.2 
J2214+3000  *DSb  1.41e+33   3.12 1.33e-20 1.72e+34 2.06e+08    1.69   303.8  2.18  1653.0 2.07  1186.7  2.07  1186.7 
J2215+5135  *DSb  1.53e+34   2.61 2.38e-20 5.27e+34 2.52e+08    3.51   205.5  4.78   199.4 4.55   128.2  4.55   128.2 
J2229+6114  DSb   2.59e+35  51.65 7.53e-14 2.16e+37 2.00e+12    5.01  1432.4  5.09  2220.6 4.84  1729.3  4.84  1729.3 
J2234+0944  *TSb  5.95e+32   3.63 1.34e-20 1.11e+34 2.23e+08    3.45    63.3  3.29   177.8 3.01   129.6  3.01   129.6 
J2240+5832  *DSb  6.22e+34 139.94 1.53e-14 2.20e+35 1.48e+12    3.74    21.2  4.06    38.4               4.06    38.4 
J2241-5236  TSb   3.25e+33   2.19 6.99e-21 2.63e+34 1.25e+08    1.83   540.7  2.24   730.2 1.93   723.9  1.93   723.9 
J2256-1024  DTb   4.25e+33   2.29 1.16e-20 3.83e+34 1.65e+08    2.9     19.2  3.21   170.9 2.58   150.3  2.58   150.3 
J2302+4442  *TSb  3.47e+33   5.19 1.34e-20 3.77e+33 2.66e+08    2.62   924.8  2.97  1393.0 3.02   861.0  3.02   861.0 
J2310-0555  Sb    1.62e+33   2.61 4.96e-21 1.10e+34 1.15e+08    1.54    66.1  2.05   176.0               2.05   176.0 
J2317+1439  DTb   2.13e+32   3.45 3.00e-21 2.89e+33 1.03e+08  174.01     0.0  0.32    11.5               0.32    11.5 
J2339-0533  *DSb  5.90e+33   2.88 1.36e-20 2.25e+34 2.01e+08    3.51   688.4  3.95   655.9 4.03   384.6  4.03   384.6 
